-0.0172587, 2.9549e+07, 0
0.00184524, 2.9549e+07, 1
0.109661, 2.9549e+07, 2
0.0626491, 2.9549e+07, 3
0.0090316, 2.9549e+07, 4
0.0584684, 2.9549e+07, 5
0.022372, 2.9549e+07, 6
0.152225, 2.9549e+07, 7
0.0828515, 2.9549e+07, 8
-0.137622, 2.95281e+07, 0
-0.0897794, 2.95281e+07, 1
-0.00754099, 2.95281e+07, 2
0.104114, 2.95281e+07, 3
0.015827, 2.95281e+07, 4
0.0863763, 2.95281e+07, 5
0.0460516, 2.95281e+07, 6
0.0203737, 2.95281e+07, 7
-0.0614428, 2.95281e+07, 8
-0.29799, 2.95551e+07, 0
0.0238458, 2.95551e+07, 1
0.0833552, 2.95551e+07, 2
-0.0323468, 2.95551e+07, 3
-0.0536326, 2.95551e+07, 4
-0.0226646, 2.95551e+07, 5
0.0802455, 2.95551e+07, 6
-0.0474932, 2.95551e+07, 7
0.0291493, 2.95551e+07, 8
-0.0928244, 2.95447e+07, 0
0.150843, 2.95447e+07, 1
0.00742186, 2.95447e+07, 2
0.0545107, 2.95447e+07, 3
-0.0197561, 2.95447e+07, 4
0.114738, 2.95447e+07, 5
0.0959649, 2.95447e+07, 6
0.159589, 2.95447e+07, 7
0.0391467, 2.95447e+07, 8
0.365799, 2.95333e+07, 0
0.132519, 2.95333e+07, 1
-0.00104922, 2.95333e+07, 2
0.0440506, 2.95333e+07, 3
0.108889, 2.95333e+07, 4
0.124311, 2.95333e+07, 5
0.0316348, 2.95333e+07, 6
-0.0739216, 2.95333e+07, 7
0.174333, 2.95333e+07, 8
-0.333137, 2.95482e+07, 0
0.123177, 2.95482e+07, 1
0.0629382, 2.95482e+07, 2
0.0936928, 2.95482e+07, 3
0.112234, 2.95482e+07, 4
0.0950855, 2.95482e+07, 5
-0.00271048, 2.95482e+07, 6
-0.00331518, 2.95482e+07, 7
0.0699147, 2.95482e+07, 8
-0.125971, 2.9555e+07, 0
0.0728234, 2.9555e+07, 1
-0.0107878, 2.9555e+07, 2
0.0632181, 2.9555e+07, 3
0.076377, 2.9555e+07, 4
-0.0522659, 2.9555e+07, 5
-0.0898973, 2.9555e+07, 6
0.0300407, 2.9555e+07, 7
-0.223863, 2.9555e+07, 8
0.57163, 2.95528e+07, 0
0.0653404, 2.95528e+07, 1
-0.00110023, 2.95528e+07, 2
0.0308883, 2.95528e+07, 3
0.0472306, 2.95528e+07, 4
-0.025558, 2.95528e+07, 5
0.127884, 2.95528e+07, 6
0.107641, 2.95528e+07, 7
0.0395475, 2.95528e+07, 8
-0.624769, 2.95232e+07, 0
0.0607543, 2.95232e+07, 1
0.106628, 2.95232e+07, 2
0.0710309, 2.95232e+07, 3
-0.0484013, 2.95232e+07, 4
-0.1102, 2.95232e+07, 5
0.0789635, 2.95232e+07, 6
0.148214, 2.95232e+07, 7
0.0743601, 2.95232e+07, 8
0.413625, 2.9551e+07, 0
0.0695662, 2.9551e+07, 1
0.0252981, 2.9551e+07, 2
0.0126724, 2.9551e+07, 3
-0.101621, 2.9551e+07, 4
0.0411092, 2.9551e+07, 5
-0.0167966, 2.9551e+07, 6
-0.0480674, 2.9551e+07, 7
-0.0530924, 2.9551e+07, 8
icent=,0
0.0224627, 5.90906e+07, 0
0.10775, 5.90906e+07, 1
0.132323, 5.90906e+07, 2
0.117871, 5.90906e+07, 3
0.105483, 5.90906e+07, 4
0.0690157, 5.90906e+07, 5
0.0534863, 5.90906e+07, 6
0.0502063, 5.90906e+07, 7
0.0451309, 5.90906e+07, 8
0.0668213, 5.90591e+07, 0
0.115735, 5.90591e+07, 1
0.12999, 5.90591e+07, 2
0.136608, 5.90591e+07, 3
0.109867, 5.90591e+07, 4
0.083709, 5.90591e+07, 5
0.0655628, 5.90591e+07, 6
0.0578369, 5.90591e+07, 7
0.0600592, 5.90591e+07, 8
0.0223545, 5.91334e+07, 0
0.101582, 5.91334e+07, 1
0.134503, 5.91334e+07, 2
0.135822, 5.91334e+07, 3
0.0914931, 5.91334e+07, 4
0.0875995, 5.91334e+07, 5
0.0526999, 5.91334e+07, 6
0.0687957, 5.91334e+07, 7
0.0442221, 5.91334e+07, 8
0.0539416, 5.90946e+07, 0
0.111793, 5.90946e+07, 1
0.135703, 5.90946e+07, 2
0.107071, 5.90946e+07, 3
0.115498, 5.90946e+07, 4
0.0867737, 5.90946e+07, 5
0.0856918, 5.90946e+07, 6
0.0520398, 5.90946e+07, 7
0.0215544, 5.90946e+07, 8
0.0586778, 5.90732e+07, 0
0.0971518, 5.90732e+07, 1
0.127173, 5.90732e+07, 2
0.106897, 5.90732e+07, 3
0.106266, 5.90732e+07, 4
0.0715983, 5.90732e+07, 5
0.0512828, 5.90732e+07, 6
0.0404958, 5.90732e+07, 7
0.0347285, 5.90732e+07, 8
0.150406, 5.90876e+07, 0
0.128787, 5.90876e+07, 1
0.120923, 5.90876e+07, 2
0.114212, 5.90876e+07, 3
0.12152, 5.90876e+07, 4
0.0740686, 5.90876e+07, 5
0.0651997, 5.90876e+07, 6
0.0723273, 5.90876e+07, 7
0.0703645, 5.90876e+07, 8
0.0728239, 5.91196e+07, 0
0.106548, 5.91196e+07, 1
0.116311, 5.91196e+07, 2
0.117367, 5.91196e+07, 3
0.127415, 5.91196e+07, 4
0.0650796, 5.91196e+07, 5
0.0743331, 5.91196e+07, 6
0.0315172, 5.91196e+07, 7
0.015229, 5.91196e+07, 8
0.0353635, 5.91059e+07, 0
0.121003, 5.91059e+07, 1
0.141145, 5.91059e+07, 2
0.116264, 5.91059e+07, 3
0.0916887, 5.91059e+07, 4
0.0728579, 5.91059e+07, 5
0.0277848, 5.91059e+07, 6
0.0601438, 5.91059e+07, 7
0.0368717, 5.91059e+07, 8
0.0602393, 5.90659e+07, 0
0.0861555, 5.90659e+07, 1
0.131574, 5.90659e+07, 2
0.121921, 5.90659e+07, 3
0.0727587, 5.90659e+07, 4
0.077321, 5.90659e+07, 5
0.0720156, 5.90659e+07, 6
0.0450504, 5.90659e+07, 7
0.0321403, 5.90659e+07, 8
0.0849046, 5.91189e+07, 0
0.10316, 5.91189e+07, 1
0.118665, 5.91189e+07, 2
0.124093, 5.91189e+07, 3
0.113449, 5.91189e+07, 4
0.0812229, 5.91189e+07, 5
0.0632302, 5.91189e+07, 6
0.0688237, 5.91189e+07, 7
0.052177, 5.91189e+07, 8
icent=,1
0.18204, 5.91222e+07, 0
0.142242, 5.91222e+07, 1
0.140101, 5.91222e+07, 2
0.0930978, 5.91222e+07, 3
0.117176, 5.91222e+07, 4
0.0909975, 5.91222e+07, 5
0.0780747, 5.91222e+07, 6
0.0664132, 5.91222e+07, 7
0.0562871, 5.91222e+07, 8
0.250376, 5.90818e+07, 0
0.145518, 5.90818e+07, 1
0.149539, 5.90818e+07, 2
0.136705, 5.90818e+07, 3
0.0804476, 5.90818e+07, 4
0.104546, 5.90818e+07, 5
0.0870525, 5.90818e+07, 6
0.0740125, 5.90818e+07, 7
0.146407, 5.90818e+07, 8
0.0995563, 5.91371e+07, 0
0.102064, 5.91371e+07, 1
0.126607, 5.91371e+07, 2
0.109655, 5.91371e+07, 3
0.120509, 5.91371e+07, 4
0.0859867, 5.91371e+07, 5
0.0849843, 5.91371e+07, 6
0.0584616, 5.91371e+07, 7
-0.0033485, 5.91371e+07, 8
-0.0488391, 5.9103e+07, 0
0.104397, 5.9103e+07, 1
0.170644, 5.9103e+07, 2
0.126812, 5.9103e+07, 3
0.131449, 5.9103e+07, 4
0.0976072, 5.9103e+07, 5
0.0851268, 5.9103e+07, 6
0.0182942, 5.9103e+07, 7
0.059873, 5.9103e+07, 8
0.0294164, 5.90808e+07, 0
0.124075, 5.90808e+07, 1
0.140592, 5.90808e+07, 2
0.0833967, 5.90808e+07, 3
0.148648, 5.90808e+07, 4
0.0975276, 5.90808e+07, 5
0.0748797, 5.90808e+07, 6
0.0792842, 5.90808e+07, 7
0.0704671, 5.90808e+07, 8
-0.0369616, 5.91092e+07, 0
0.133274, 5.91092e+07, 1
0.126174, 5.91092e+07, 2
0.12996, 5.91092e+07, 3
0.15453, 5.91092e+07, 4
0.097956, 5.91092e+07, 5
0.0631229, 5.91092e+07, 6
0.0719166, 5.91092e+07, 7
0.0578316, 5.91092e+07, 8
0.13968, 5.91235e+07, 0
0.160307, 5.91235e+07, 1
0.142821, 5.91235e+07, 2
0.139877, 5.91235e+07, 3
0.109978, 5.91235e+07, 4
0.0864729, 5.91235e+07, 5
0.0484309, 5.91235e+07, 6
0.00319054, 5.91235e+07, 7
0.100798, 5.91235e+07, 8
0.0833769, 5.91064e+07, 0
0.168382, 5.91064e+07, 1
0.140849, 5.91064e+07, 2
0.14942, 5.91064e+07, 3
0.0951842, 5.91064e+07, 4
0.120449, 5.91064e+07, 5
0.0807185, 5.91064e+07, 6
0.0359773, 5.91064e+07, 7
0.165748, 5.91064e+07, 8
0.0367966, 5.9072e+07, 0
0.147656, 5.9072e+07, 1
0.12587, 5.9072e+07, 2
0.145683, 5.9072e+07, 3
0.0465937, 5.9072e+07, 4
0.0782891, 5.9072e+07, 5
0.0582212, 5.9072e+07, 6
0.0408812, 5.9072e+07, 7
0.0162942, 5.9072e+07, 8
0.124569, 5.91171e+07, 0
0.150539, 5.91171e+07, 1
0.122693, 5.91171e+07, 2
0.0719888, 5.91171e+07, 3
0.0693892, 5.91171e+07, 4
0.118186, 5.91171e+07, 5
0.0379475, 5.91171e+07, 6
0.0505607, 5.91171e+07, 7
0.0666372, 5.91171e+07, 8
icent=,2
